6 0.46041666666666664 0.303587962962963 0.475 0.29623655913978497 0.4791666666666667 0.288881626724764 0.51875 0.2777705156136529 0.5791666666666667 0.2740143369175627 0.6041666666666666 0.2555236270753512 0.618744399641577 0.22592592592592592 0.6187385531135532 0.21851851851851853 0.6125 0.21482504604051567 0.5979166666666667 0.22963689179375454 0.5625231481481482 0.24814814814814815 0.5375 0.24456018518518519 0.5125 0.2555628177196805 0.49375 0.25557786702365015 0.4479166666666667 0.2777850399419027 0.44166666666666665 0.2740895061728395 0.43127314814814816 0.2851851851851852 0.43333333333333335 0.29999218627910607 0.46041666666666664 0.303587962962963
6 0.5291666666666667 0.4110882487425697 0.5291666666666667 0.3889300411522634 0.48541666666666666 0.3851924473493101 0.4270833333333333 0.3259417537195315 0.40625 0.3223905723905724 0.4000042344173442 0.3296296296296296 0.40208333333333335 0.34070987654320983 0.41041666666666665 0.3481069958847737 0.43125 0.355548118399524 0.45208333333333334 0.3925514403292181 0.46458333333333335 0.4036936936936937 0.48541666666666666 0.41099537037037037 0.5291666666666667 0.4110882487425697
6 0.39166666666666666 0.5962833462833462 0.42498234463276835 0.5703703703703704 0.4875 0.5517361111111111 0.49791061046511625 0.5370370370370371 0.5041435185185185 0.5148148148148148 0.4979166666666667 0.5075231481481481 0.49166666666666664 0.5222294843863471 0.475 0.5370442992011619 0.41458333333333336 0.5518832391713748 0.38958333333333334 0.5667078189300412 0.3770884646962233 0.5814814814814815 0.37916666666666665 0.5925728920409772 0.39166666666666666 0.5962833462833462
3 0.40208333333333335 0.703587962962963 0.4041015625 0.6962962962962963 0.39581845238095237 0.6777777777777778 0.4125 0.6666255144032921 0.4125 0.6518832391713748 0.39166666666666666 0.6666739288307916 0.3932291666666667 0.6481481481481481 0.38957555970149255 0.6370370370370371 0.37083333333333335 0.6148726851851852 0.3666709357923497 0.6259259259259259 0.38333333333333336 0.6481317600786627 0.38333333333333336 0.6629772079772079 0.36451822916666665 0.6555555555555556 0.3541666666666667 0.6370493827160494 0.34792330148619954 0.6407407407407407 0.35208333333333336 0.6592366757000904 0.36041666666666666 0.6703389830508474 0.37292892156862745 0.674074074074074 0.36250635162601624 0.6888888888888889 0.3645833333333333 0.6962850045167118 0.3875 0.685177626606198 0.3958333333333333 0.7036917562724014 0.40208333333333335 0.703587962962963
6 0.3125 0.31850137174211246 0.34791666666666665 0.30739305196669536 0.3645833333333333 0.2925853304284677 0.4041666666666667 0.2962819408555843 0.41458333333333336 0.29247685185185185 0.44375 0.26655092592592594 0.45622685185185186 0.24814814814814815 0.45624591503267975 0.24074074074074073 0.45208333333333334 0.2334490740740741 0.4270833333333333 0.26297022512708784 0.3625 0.26670781893004114 0.33958333333333335 0.2814887436456064 0.3104166666666667 0.2852072310405644 0.2937542172739541 0.3037037037037037 0.29791666666666666 0.3184981684981685 0.3125 0.31850137174211246
6 0.15625 0.46284722222222224 0.1707997311827957 0.44074074074074077 0.18333333333333332 0.41110382035578885 0.19375 0.3999927378358751 0.20625 0.3999874874874875 0.21666666666666667 0.3925846447305675 0.22916094322344321 0.37777777777777777 0.22914351851851852 0.37037037037037035 0.22291666666666668 0.3667824074074074 0.2083984375 0.3814814814814815 0.18541666666666667 0.3889039445950015 0.1625 0.4333406529058703 0.14585648148148148 0.45555555555555555 0.14791666666666667 0.46284722222222224 0.15625 0.46284722222222224
3 0.20208333333333334 0.6148074074074074 0.20415976821192053 0.5962962962962963 0.22288411458333332 0.5777777777777777 0.21875 0.5703799654576857 0.2 0.5815040650406503 0.19371744791666667 0.5592592592592592 0.18958333333333333 0.5555941358024691 0.18750439521800283 0.5703703703703704 0.18959239130434782 0.5814814814814815 0.16042474160206718 0.5814814814814815 0.1625 0.5925328554360811 0.1812642694063927 0.5925925925925926 0.18333333333333332 0.6110699588477366 0.19583333333333333 0.5999927378358751 0.19584255162241887 0.6074074074074074 0.20208333333333334 0.6148074074074074
3 0.8520833333333333 0.6110532407407407 0.8541607142857143 0.6 0.843732040229885 0.5888888888888889 0.85625 0.5888503086419753 0.85625 0.5741898148148148 0.8354166666666667 0.5740855052583448 0.8333333333333334 0.5629703115814227 0.8270908273381294 0.5666666666666667 0.8270833333333333 0.5740883190883191 0.8229166666666666 0.559375 0.81669921875 0.5666666666666667 0.8208375506072875 0.5888888888888889 0.8083375850340137 0.5962962962962963 0.8104166666666667 0.6073982398239823 0.8166666666666667 0.6073934837092732 0.83125 0.5925853018372703 0.8520833333333333 0.6110532407407407
3 0.22083333333333333 0.5370297462817147 0.23125 0.5073976608187135 0.25 0.518479938271605 0.25207604895104896 0.5074074074074074 0.24166236225895318 0.5 0.25833333333333336 0.488875371722087 0.2604125494071146 0.4777777777777778 0.2520833333333333 0.47410546139359705 0.22708333333333333 0.49259985475671747 0.20833333333333334 0.47039165602384 0.2041736577181208 0.48148148148148145 0.21881510416666666 0.5 0.20416666666666666 0.5001157407407407 0.2021484375 0.5111111111111111 0.22083333333333333 0.5148047504025764 0.2166707516339869 0.5296296296296297 0.22083333333333333 0.5370297462817147
6 0.6520833333333333 0.218491680085883 0.6541616100323625 0.2111111111111111 0.6479166666666667 0.2000411522633745 0.6354166666666666 0.188896266784713 0.6145833333333334 0.15556887823074875 0.5958333333333333 0.14074800290486564 0.5833333333333334 0.12224279835390946 0.5791883680555556 0.1259259259259259 0.5791708167330678 0.13333333333333333 0.5875 0.14813016900395543 0.60625 0.16295570079883806 0.6354166666666666 0.20738791423001948 0.6520833333333333 0.218491680085883
3 0.8895833333333333 0.6777704870224556 0.8937375992063491 0.6703703703703704 0.89375 0.6555478072214475 0.9145833333333333 0.6555241682360327 0.9166591726618705 0.6481481481481481 0.9125 0.6407555555555555 0.9 0.6407480603132777 0.9 0.6259856630824373 0.8895833333333333 0.637044504181601 0.88125 0.6222347347347348 0.8770914082687339 0.6296296296296297 0.88125 0.640749354005168 0.8666666666666667 0.6444585807181227 0.8645878623188405 0.6518518518518519 0.86875 0.659249461101313 0.8854166666666666 0.6555439814814814 0.8854209710743801 0.674074074074074 0.8895833333333333 0.6777704870224556
