8 0.44375 0.5444095038434661 0.451875 0.5222222222222223 0.44375 0.5037171229200216 0.4375 0.5000430663221361 0.4270927177177177 0.5148148148148148 0.42709986772486774 0.5333333333333333 0.43333333333333335 0.5444058641975309 0.44375 0.5444095038434661
8 0.44166666666666665 0.5999614197530865 0.447900390625 0.5888888888888889 0.44790364583333336 0.5703703703703704 0.44166666666666665 0.5592824074074074 0.43125 0.5592824074074074 0.42501627604166664 0.5703703703703704 0.4250217013888889 0.5888888888888889 0.43125 0.5999614197530865 0.44166666666666665 0.5999614197530865
8 0.6166666666666667 0.5814583333333333 0.6249837239583333 0.5592592592592592 0.61875 0.5408564814814815 0.6125 0.5371527777777778 0.6000325520833333 0.5518518518518518 0.600009300595238 0.5666666666666667 0.60625 0.5813657407407408 0.6166666666666667 0.5814583333333333
8 0.6770833333333334 0.5850694444444444 0.6874782986111111 0.5703703703703704 0.6874348958333333 0.5518518518518518 0.68125 0.5408564814814815 0.6708333333333333 0.5407793209876542 0.6625217013888889 0.562962962962963 0.66875 0.5813657407407408 0.6770833333333334 0.5850694444444444
8 0.8770833333333333 0.7665509259259259 0.8874348958333333 0.7518518518518519 0.8874869791666666 0.737037037037037 0.8791666666666667 0.7222417153996101 0.8708333333333333 0.7222511574074074 0.8645926339285714 0.7333333333333333 0.8625325520833333 0.7481481481481481 0.86875 0.7629050925925925 0.8770833333333333 0.7665509259259259
8 0.9020833333333333 0.8369212962962963 0.9083170572916667 0.8222222222222222 0.9061848958333333 0.8037037037037037 0.9 0.7963108778069408 0.8875 0.8001157407407408 0.883349609375 0.8111111111111111 0.88544921875 0.8296296296296296 0.8895833333333333 0.8369212962962963 0.9020833333333333 0.8369212962962963
8 0.825 0.7777391975308642 0.833322482638889 0.762962962962963 0.8333203124999999 0.7481481481481481 0.8291666666666667 0.7371527777777778 0.81875 0.7333622685185185 0.81044921875 0.7444444444444445 0.8083658854166667 0.7555555555555555 0.8166666666666667 0.7776620370370371 0.825 0.7777391975308642
8 0.8229166666666666 0.7295910493827161 0.8312337239583333 0.7074074074074074 0.825 0.6890046296296296 0.8166666666666667 0.685300925925926 0.8062825520833333 0.7 0.8062608506944444 0.7148148148148148 0.8145833333333333 0.7296130952380953 0.8229166666666666 0.7295910493827161
8 0.7895833333333333 0.6665509259259259 0.7958170572916666 0.6555555555555556 0.797900390625 0.6407407407407407 0.7895833333333333 0.622337962962963 0.78125 0.6222800925925925 0.77294921875 0.6370370370370371 0.77294921875 0.6518518518518519 0.78125 0.6666087962962963 0.7895833333333333 0.6665509259259259
8 0.9604166666666667 0.8851686507936508 0.9687391493055556 0.8703703703703703 0.9687174479166667 0.8555555555555555 0.95625 0.8407986111111111 0.9458984375 0.8518518518518519 0.9437717013888889 0.8666666666666667 0.9520833333333333 0.88515625 0.9604166666666667 0.8851686507936508
