5 0.86875 0.17406681190994916 0.8812459150326798 0.15185185185185185 0.8833292483660131 0.13703703703703704 0.902079248366013 0.1037037037037037 0.9062459150326797 0.08148148148148149 0.9124959150326798 0.07037037037037037 0.9104166666666667 0.05185911401597676 0.90625 0.05926652142338418 0.9041666666666667 0.05185911401597676 0.875 0.05556281771968046 0.8604166666666667 0.03334059549745824 0.85625 0.03334059549745824 0.8541707516339869 0.05925925925925926 0.8437540849673203 0.06666666666666667 0.8541707516339869 0.07777777777777778 0.8562540849673203 0.08888888888888889 0.847920751633987 0.11481481481481481 0.8604207516339869 0.14444444444444443 0.8604207516339869 0.15925925925925927 0.8562540849673203 0.17037037037037037 0.86875 0.17406681190994916
5 0.6125 0.71480755265069 0.6229125816993464 0.7037037037037037 0.6166625816993464 0.7 0.620829248366013 0.6962962962962963 0.6187459150326797 0.6925925925925925 0.6229125816993464 0.6888888888888889 0.6229166666666667 0.6814742193173566 0.6375 0.6888816267247639 0.6479166666666667 0.6851779230210603 0.6499959150326797 0.674074074074074 0.6437459150326797 0.6592592592592592 0.6416625816993464 0.6333333333333333 0.6354166666666666 0.6222294843863472 0.5916666666666667 0.611118373275236 0.5833374183006536 0.6296296296296297 0.5833374183006536 0.6703703703703704 0.5770874183006536 0.6703703703703704 0.5770874183006536 0.6962962962962963 0.5875 0.7074001452432825 0.59375 0.7036964415395788 0.6125 0.71480755265069
5 0.90625 0.3999927378358751 0.9145833333333333 0.388881626724764 0.9333333333333333 0.388881626724764 0.9562459150326797 0.36666666666666664 0.9562459150326797 0.3111111111111111 0.95 0.3000072621641249 0.9291666666666667 0.2963035584604212 0.91875 0.3000072621641249 0.910420751633987 0.3111111111111111 0.9083374183006536 0.32592592592592595 0.9125040849673203 0.34814814814814815 0.8937540849673202 0.3851851851851852 0.8958333333333334 0.3999927378358751 0.90625 0.3999927378358751
5 0.5979166666666667 0.5370297748729121 0.61875 0.5333260711692084 0.627079248366013 0.5185185185185185 0.6083333333333333 0.4851924473493101 0.59375 0.4888961510530138 0.5895874183006536 0.4962962962962963 0.5895874183006536 0.5111111111111111 0.5854207516339869 0.5222222222222223 0.5916666666666667 0.5370297748729121 0.5979166666666667 0.5370297748729121
5 0.90625 0.9185112563543936 0.9145833333333333 0.9111038489469863 0.9208333333333333 0.8962890341321714 0.93125 0.8925853304284677 0.939579248366013 0.8740740740740741 0.9374959150326797 0.8296296296296296 0.9416625816993464 0.8185185185185185 0.9375 0.8148220769789397 0.9270833333333334 0.8259331880900508 0.9270792483660131 0.8111111111111111 0.9208333333333333 0.8000072621641249 0.9166707516339869 0.8037037037037037 0.9166666666666666 0.8259331880900508 0.9020833333333333 0.8222294843863471 0.8979166666666667 0.837044299201162 0.8895833333333333 0.837044299201162 0.8854207516339869 0.8444444444444444 0.879170751633987 0.8814814814814815 0.879170751633987 0.8925925925925926 0.8875 0.9074001452432825 0.90625 0.9185112563543936
5 0.84375 0.9999927378358751 0.85 0.988881626724764 0.8541666666666666 0.9925853304284676 0.8604166666666667 0.9777705156136529 0.8666666666666667 0.9777705156136529 0.870829248366013 0.9703703703703703 0.870829248366013 0.9555555555555556 0.8583333333333333 0.9259331880900509 0.8375 0.9185257806826435 0.8333333333333334 0.9296368917937545 0.8291666666666667 0.9222294843863471 0.8208333333333333 0.9222294843863471 0.816670751633987 0.9481481481481482 0.8062540849673202 0.9666666666666667 0.8083374183006536 0.9777777777777777 0.816670751633987 0.9814814814814815 0.81875 0.9962890341321714 0.84375 0.9999927378358751
5 0.6041666666666666 0.8370297748729121 0.6145792483660131 0.8185185185185185 0.6104125816993464 0.7592592592592593 0.6041666666666666 0.7481554103122731 0.5833333333333334 0.7481554103122731 0.5750040849673203 0.774074074074074 0.5791666666666667 0.7851779230210603 0.5854207516339869 0.7888888888888889 0.5791707516339869 0.8 0.5791707516339869 0.8111111111111111 0.5895833333333333 0.8333260711692084 0.6041666666666666 0.8370297748729121
5 0.42916666666666664 0.725918663761801 0.43541258169934643 0.7185185185185186 0.43541258169934643 0.7 0.44166666666666665 0.6999927378358751 0.44582924836601306 0.6851851851851852 0.4395792483660131 0.6666666666666666 0.42083333333333334 0.6370442992011619 0.38958333333333334 0.6370442992011619 0.3854207516339869 0.6444444444444445 0.3854207516339869 0.6555555555555556 0.39791666666666664 0.6592519970951344 0.40000408496732026 0.6703703703703704 0.37708741830065357 0.6962962962962963 0.37917075163398695 0.7074074074074074 0.38333333333333336 0.71480755265069 0.4083333333333333 0.71480755265069 0.4083333333333333 0.725918663761801 0.42916666666666664 0.725918663761801
5 0.54375 0.6222149600580973 0.5541625816993464 0.5962962962962963 0.5416625816993464 0.5888888888888889 0.5416625816993464 0.5740740740740741 0.5375 0.5666739288307916 0.5354125816993464 0.5703703703703704 0.5354166666666667 0.5629702251270878 0.5291666666666667 0.5703776325344952 0.5208333333333334 0.5666739288307916 0.5145874183006536 0.5777777777777777 0.5166707516339869 0.6074074074074074 0.5270833333333333 0.6222149600580973 0.54375 0.6222149600580973
5 0.6541666666666667 0.2666523112259546 0.6687377450980392 0.2518518518518518 0.6770601851851852 0.22592592592592592 0.6770721326164875 0.2037037037037037 0.6458333333333334 0.1555681531872008 0.6395833333333333 0.12226337448559671 0.625 0.1148227287116176 0.6166666666666667 0.12222948438634712 0.60625 0.12228009259259259 0.5875231481481482 0.15925925925925927 0.587505787037037 0.17777777777777778 0.5979817708333334 0.2111111111111111 0.6145833333333334 0.23699588477366254 0.6291666666666667 0.23332595543750922 0.6291731770833333 0.25555555555555554 0.6354166666666666 0.2666446208112875 0.6541666666666667 0.2666523112259546
5 0.7083333333333334 0.4147736625514403 0.7145772771317829 0.4 0.7145601851851852 0.3851851851851852 0.7062459150326797 0.37037037037037035 0.7083259976525821 0.34444444444444444 0.7145709325396825 0.3333333333333333 0.714573688271605 0.3111111111111111 0.6916666666666667 0.26670781893004114 0.6770833333333334 0.26300411522633743 0.6708564814814815 0.2740740740740741 0.6729398148148148 0.3592592592592593 0.6833374183006536 0.3851851851851852 0.6833564814814815 0.3962962962962963 0.6916666666666667 0.4110513739545998 0.7083333333333334 0.4147736625514403
5 0.48541666666666666 0.41478909465020575 0.49166666666666664 0.4036936392914654 0.5020833333333333 0.40366255144032925 0.50625 0.3962889184004722 0.54375 0.3999906942117997 0.5499947654941374 0.3888888888888889 0.5499950396825396 0.362962962962963 0.5458282520325203 0.34814814814814815 0.5375 0.3333440999138674 0.5229166666666667 0.3333553791887125 0.5187174479166666 0.34074074074074073 0.5083333333333333 0.32225360954174515 0.4895833333333333 0.32225360954174515 0.47708333333333336 0.3333744855967078 0.4708564814814815 0.34444444444444444 0.4666754943502825 0.3888888888888889 0.47291666666666665 0.41106995884773667 0.48541666666666666 0.41478909465020575
5 0.50625 0.5703610645821701 0.5124768518518519 0.562962962962963 0.5249912464985994 0.5185185185185185 0.5249875992063492 0.4925925925925926 0.51875 0.48149143767423336 0.5020833333333333 0.47038071591144215 0.4875 0.47039241622574957 0.4812624007936508 0.48148148148148145 0.48125493680884673 0.5185185185185185 0.4750088276836158 0.5296296296296297 0.47502314814814817 0.5481481481481482 0.48125 0.5592278719397363 0.4895833333333333 0.5592516697024894 0.49583333333333335 0.5703578578578579 0.50625 0.5703610645821701
11 0.58125 0.6332921810699588 0.6020833333333333 0.625906432748538 0.6208333333333333 0.6036874593892138 0.6332682291666667 0.5814814814814815 0.6499921679197995 0.5333333333333333 0.6499875992063492 0.4444444444444444 0.6458279079861111 0.4148148148148148 0.6354038065843621 0.37407407407407406 0.6229166666666667 0.35187471422039324 0.5854166666666667 0.32223499361430397 0.5208333333333334 0.3222800925925926 0.45208333333333334 0.3629742547425474 0.44375 0.34816049382716047 0.4083333333333333 0.34817953546767105 0.38125 0.36667824074074074 0.3750077736318408 0.37777777777777777 0.3708374183006536 0.4111111111111111 0.35625955657492353 0.45185185185185184 0.35625685307017546 0.5111111111111111 0.3687555704099822 0.562962962962963 0.37916666666666665 0.5888477366255144 0.41041666666666665 0.6184927983539095 0.4479166666666667 0.6258847736625514 0.45415783898305084 0.6148148148148148 0.4541625816993464 0.5962962962962963 0.45832450564971755 0.5888888888888889 0.47708333333333336 0.5925705467372134 0.48541666666666666 0.5814714714714715 0.50625 0.6110699588477366 0.5166666666666667 0.6184964726631393 0.5541666666666667 0.633324679820007 0.58125 0.6332921810699588
