1 0.5583333333333333 0.9444371822803196 0.5666625816993464 0.9333333333333333 0.5666625816993464 0.9185185185185185 0.5541625816993464 0.9 0.5541625816993464 0.8851851851851852 0.55 0.8777850399419027 0.5395833333333333 0.8777850399419027 0.525 0.8666739288307915 0.5166666666666667 0.8666739288307915 0.5104207516339869 0.8777777777777778 0.5083374183006536 0.9 0.5229166666666667 0.9444371822803196 0.5583333333333333 0.9444371822803196
1 1.0 0.7444371822803195 1.002079248366013 0.5777777777777777 0.9958333333333333 0.574081336238199 0.9833333333333333 0.5851924473493101 0.9770874183006536 0.6 0.972920751633987 0.6259259259259259 0.9708374183006536 0.6851851851851852 0.9750040849673203 0.7296296296296296 1.0 0.7444371822803195
1 0.7875 0.7185112563543936 0.8041625816993464 0.7 0.8062459150326797 0.662962962962963 0.8020792483660131 0.6555555555555556 0.8041625816993464 0.6444444444444445 0.7999959150326797 0.6296296296296297 0.8020792483660131 0.5962962962962963 0.7916666666666666 0.5777850399419027 0.7708333333333334 0.5851924473493101 0.7583333333333333 0.5592665214233842 0.74375 0.5592665214233842 0.7250040849673203 0.5888888888888889 0.7208374183006536 0.6037037037037037 0.7208374183006536 0.6518518518518519 0.7250040849673203 0.6518518518518519 0.7250040849673203 0.6592592592592592 0.7208374183006536 0.6666666666666666 0.7291707516339869 0.6777777777777778 0.7291707516339869 0.7111111111111111 0.7333333333333333 0.7185112563543936 0.7875 0.7185112563543936
1 0.89375 0.71480755265069 0.8958333333333334 0.7074001452432825 0.9125 0.7036964415395788 0.925 0.6888816267247639 0.93125 0.6962890341321714 0.9520833333333333 0.6925853304284677 0.9562459150326797 0.6851851851851852 0.9541625816993464 0.6518518518518519 0.9354166666666667 0.6185257806826434 0.9229166666666667 0.6259331880900508 0.9229207516339869 0.6444444444444445 0.91875 0.6444517066085693 0.9104125816993464 0.6333333333333333 0.908329248366013 0.6148148148148148 0.9020833333333333 0.6037109658678286 0.8854166666666666 0.6037109658678286 0.8708374183006536 0.6296296296296297 0.8708374183006536 0.6814814814814815 0.8750040849673203 0.7037037037037037 0.88125 0.71480755265069 0.89375 0.71480755265069
1 0.8729166666666667 0.7110699588477366 0.8791517857142856 0.7 0.881239983974359 0.6851851851851852 0.8812452651515151 0.6407407407407407 0.875 0.6296412037037038 0.8666666666666667 0.6296383237697792 0.8604166666666667 0.6370689655172413 0.8458333333333333 0.6408564814814814 0.8395957341269842 0.6592592592592592 0.8395876917712692 0.674074074074074 0.8458482142857143 0.7 0.8541666666666666 0.7110939643347051 0.8729166666666667 0.7110699588477366
5 0.8041666666666667 0.24814088598402326 0.8104166666666667 0.2074001452432825 0.825 0.1999927378358751 0.8291666666666667 0.2074001452432825 0.8458333333333333 0.21110384894698622 0.8520792483660131 0.2 0.8541625816993464 0.1814814814814815 0.8499959150326798 0.17407407407407408 0.8479166666666667 0.14074800290486564 0.8458333333333333 0.14445170660856935 0.84375 0.13704429920116193 0.8333333333333334 0.13704429920116193 0.8041666666666667 0.17037763253449528 0.79375 0.17408133623819896 0.7833374183006536 0.1962962962962963 0.7833374183006536 0.21481481481481482 0.7875040849673203 0.22962962962962963 0.7958333333333333 0.23702977487291213 0.8 0.24814088598402326 0.8041666666666667 0.24814088598402326
5 0.6458333333333334 0.24443718228031955 0.6604125816993464 0.2 0.6395833333333333 0.16297022512708786 0.6333374183006536 0.17777777777777778 0.6333374183006536 0.2 0.6375040849673203 0.21481481481481482 0.6375040849673203 0.23333333333333334 0.6416666666666667 0.24443718228031955 0.6458333333333334 0.24443718228031955
5 0.9125 0.288881626724764 0.9354166666666667 0.28147421931735656 0.9437459150326798 0.25925925925925924 0.9437459150326798 0.24814814814814815 0.9375 0.24074800290486564 0.9291666666666667 0.24445170660856935 0.925 0.23704429920116193 0.9166666666666666 0.23704429920116193 0.9125040849673203 0.24444444444444444 0.9125040849673203 0.26296296296296295 0.9083374183006536 0.27037037037037037 0.9083374183006536 0.2814814814814815 0.9125 0.288881626724764
5 0.9416666666666667 0.3999927378358751 0.9499959150326798 0.3888888888888889 0.9458333333333333 0.35926652142338417 0.9291666666666667 0.35556281771968046 0.9187540849673203 0.37037037037037035 0.925 0.39628903413217137 0.9416666666666667 0.3999927378358751
5 0.9354166666666667 0.39256944444444447 0.9437282986111111 0.37407407407407406 0.9416015625 0.3592592592592593 0.9375 0.3519675925925926 0.9208333333333333 0.3518837803320562 0.9145892857142857 0.36666666666666664 0.9166846264367816 0.3851851851851852 0.9229166666666667 0.39258401920438957 0.9354166666666667 0.39256944444444447
5 0.8645833333333334 0.9444371822803196 0.8666625816993464 0.9222222222222223 0.8624959150326797 0.9148148148148149 0.8687459150326797 0.9074074074074074 0.8604166666666667 0.8963035584604212 0.8479166666666667 0.8963035584604212 0.84375 0.8851924473493101 0.8354166666666667 0.8814887436456064 0.8333374183006536 0.9148148148148149 0.8291707516339869 0.9296296296296296 0.8354166666666667 0.9370297748729122 0.8416666666666667 0.925918663761801 0.8541666666666666 0.9407334785766158 0.8645833333333334 0.9444371822803196
5 0.8375 0.9444135802469136 0.85 0.9295138888888889 0.8604166666666667 0.9295138888888889 0.8666341145833333 0.9185185185185185 0.8666585286458334 0.9 0.8625 0.8890046296296297 0.8541666666666666 0.8852141203703704 0.84375 0.9000597371565114 0.8333333333333334 0.9000165343915344 0.8270892857142856 0.9111111111111111 0.825009300595238 0.9222222222222223 0.8271169354838709 0.9333333333333333 0.8375 0.9444135802469136
5 0.8916666666666667 0.4148075526506899 0.902079248366013 0.3925925925925926 0.902079248366013 0.362962962962963 0.8958333333333334 0.34445170660856933 0.88125 0.35926652142338417 0.8750040849673203 0.37777777777777777 0.879170751633987 0.3851851851851852 0.879170751633987 0.4 0.8916666666666667 0.4148075526506899
5 0.7791666666666667 0.4111038489469862 0.7812459150326797 0.3925925925925926 0.7708333333333334 0.3666739288307916 0.7541666666666667 0.3629702251270879 0.747920751633987 0.37407407407407406 0.75 0.388881626724764 0.7625040849673203 0.3888888888888889 0.7583374183006536 0.40370370370370373 0.7604166666666666 0.4074001452432825 0.7791666666666667 0.4111038489469862
5 0.66875 0.5481408859840232 0.6791625816993464 0.5111111111111111 0.6604166666666667 0.5074146695715324 0.6500040849673202 0.5407407407407407 0.6541666666666667 0.5481408859840232 0.66875 0.5481408859840232
5 0.6458333333333334 0.5925853304284677 0.6479125816993464 0.5814814814814815 0.6395833333333333 0.5518591140159768 0.6270833333333333 0.5555628177196804 0.6208374183006536 0.5666666666666667 0.6208374183006536 0.5814814814814815 0.625 0.588881626724764 0.6458333333333334 0.5925853304284677
5 0.5208333333333334 0.7370297748729121 0.5312459150326797 0.7 0.5145833333333333 0.6851924473493101 0.5 0.6925998547567175 0.4958374183006536 0.7333333333333333 0.5208333333333334 0.7370297748729121
5 0.5291666666666667 0.4666594045025418 0.55 0.45925199709513437 0.5541625816993464 0.45185185185185184 0.5520792483660131 0.43333333333333335 0.5458333333333333 0.4222294843863471 0.5270874183006536 0.42592592592592593 0.5250040849673202 0.44074074074074077 0.5208374183006536 0.4444444444444444 0.5208374183006536 0.45555555555555555 0.5291666666666667 0.4666594045025418
11 0.5270833333333333 0.46293688054251436 0.5395833333333333 0.45552416823603264 0.5604017857142857 0.4185185185185185 0.5604093309859155 0.34814814814814815 0.5458333333333333 0.3111522633744856 0.5229166666666667 0.2926043878273178 0.49583333333333335 0.30004115226337447 0.475 0.3148220769789397 0.45625 0.3037448559670782 0.44583333333333336 0.3037115505335844 0.4396064814814815 0.3111111111111111 0.437504117259552 0.3296296296296296 0.42917936991869915 0.34444444444444444 0.4250070382882883 0.36666666666666664 0.4270945340501792 0.40370370370370373 0.4395833333333333 0.4258939974457216 0.45208333333333334 0.4370149911816579 0.46458333333333335 0.42591710758377427 0.47708333333333336 0.4369958847736626 0.49583333333333335 0.4370293530044567 0.5208333333333334 0.46284722222222224 0.5270833333333333 0.46293688054251436
